VGRO   10    1 2018   Buy   150   10300.14       0.00    0      0.000      0.000
VGRO   24    2 2018   Buy    85    7423.05       0.00    0      0.000      0.000
VGRO   20   10 2019   Buy   100    9011.00       0.00    0      0.000      0.000
VGRO    8   12 2018   Sell   55    5958.15       0.00    0      0.000      0.000
VGRO   22   12 2018   Sell   80    2817.60       0.00    0      0.000      0.000
VGRO    4    1 2019   Buy    65    3257.15       0.00    0      0.000      0.000
VGRO    7    5 2019   Buy    65    4557.15       0.00    0      0.000      0.000
VGRO   14    6 2019   Sell   80    4451.20       0.00    0      0.000      0.000
VGRO    8    8 2018   Buy    43    3367.76       0.00    0      0.000      0.000
VGRO   19    7 2019   Sell   90    6780.60       0.00    0      0.000      0.000
VGRO   11   11 2018   Buy    78    7028.58       0.00    0      0.000      0.000
VGRO   16    7 2019   Buy    25    1752.75       0.00    0      0.000      0.000

